elapsedTime: 211.4285786151886
exitCode: null
ingestionElapsedTime: 211.4285786151886
ingestionExitCode: 0
