elapsedTime: 228.74748277664185
exitCode: null
ingestionElapsedTime: 228.74748277664185
ingestionExitCode: 0
