elapsedTime: 266.69704246520996
exitCode: null
ingestionElapsedTime: 266.69704246520996
ingestionExitCode: 0
