elapsedTime: 215.4302797317505
exitCode: null
ingestionElapsedTime: 215.4302797317505
ingestionExitCode: 0
