elapsedTime: 221.5475263595581
exitCode: null
ingestionElapsedTime: 221.5475263595581
ingestionExitCode: 0
