elapsedTime: 217.0795123577118
exitCode: null
ingestionElapsedTime: 217.0795123577118
ingestionExitCode: 0
