elapsedTime: 228.6639919281006
exitCode: null
ingestionElapsedTime: 228.6639919281006
ingestionExitCode: 0
