elapsedTime: 236.72293972969055
exitCode: null
ingestionElapsedTime: 236.72293972969055
ingestionExitCode: 0
