elapsedTime: 222.76083374023438
exitCode: null
ingestionElapsedTime: 222.76083374023438
ingestionExitCode: 0
