score: 104.79555151186176
composite_score: 104.79555151186176
mean_par: 1.742374035091021
transmit_amount: 1688472.0
transmission_time_seconds: 165.24584681472004
total_time_seconds: 2778.8068994512514
