elapsedTime: 229.05183720588684
exitCode: null
ingestionElapsedTime: 229.05183720588684
ingestionExitCode: 0
