score: 110.909287483919
composite_score: 110.909287483919
mean_par: 1.7198556277531185
transmit_amount: 524554.0
transmission_time_seconds: 51.33657527637334
total_time_seconds: 2631.1200169060517
