score: 110.92814045391788
composite_score: 110.92814045391788
mean_par: 1.7194158338443544
transmit_amount: 520951.0
transmission_time_seconds: 50.983960139093334
total_time_seconds: 2630.1077109056246
