elapsedTime: 264.5710837841034
exitCode: null
ingestionElapsedTime: 264.5710837841034
ingestionExitCode: 0
