elapsedTime: 218.75447249412537
exitCode: null
ingestionElapsedTime: 218.75447249412537
ingestionExitCode: 0
