elapsedTime: 220.3000087738037
exitCode: null
ingestionElapsedTime: 220.3000087738037
ingestionExitCode: 0
