elapsedTime: 231.30953860282898
exitCode: null
ingestionElapsedTime: 231.30953860282898
ingestionExitCode: 0
