score: 110.87748777267291
composite_score: 110.87748777267291
mean_par: 1.722033288629031
transmit_amount: 526710.0
transmission_time_seconds: 51.547576729599996
total_time_seconds: 2634.5975096731468
