elapsedTime: 216.19335460662842
exitCode: null
ingestionElapsedTime: 216.19335460662842
ingestionExitCode: 0
