elapsedTime: 219.2492299079895
exitCode: null
ingestionElapsedTime: 219.2492299079895
ingestionExitCode: 0
